003
3 9 0 7 5
004
3 2 4 8 9
005
6 9 8 0 6
006
3 0 8 1 1
007
3 5 3 4 4
008
4 3 7 5 7
009
7 5 2 0 7
010
3 9 9 0 0
011
3 4 5 0 8
012
2 9 7 4 0
013
4 9 7 8 9
014
8 4 5 5 3
015
9 7 4 4 5
016
4 5 0 1 2
017
0 5 2 6 1
018
1 0 2 4 3
019
0 7 2 3 7
020
3 2 0 5 7
021
0 0 6 0 9
022
1 7 1 7 0
023
7 7 6 4 2
024
8 3 3 9 8
025
5 9 9 8 8
026
1 6 8 7 9
027
8 7 9 7 0
028
9 1 5 0 9
029
8 5 9 1 6
030
9 4 5 7 3
031
0 7 9 2 0
032
8 0 7 1 2
033
0 4 5 9 7
034
2 0 9 8 1
035
7 7 7 8 9
036
3 6 3 0 2
037
2 8 1 8 6
038
1 4 0 5 8
039
2 4 5 1 2
040
1 2 3 7 2
041
1 5 2 7 8
042
2 4 3 6 7
043
1 5 5 5 2
044
2 5 5 3 2
045
0 1 2 7 6
046
3 1 1 8 8
047
1 7 6 4 9
048
9 7 0 8 7
049
1 0 1 8 5
050
7 6 3 9 2
051
8 2 4 3 9
052
7 2 0 5 4
053
5 2 1 9 1
054
2 8 9 5 1
055
7 2 4 2 6
056
5 7 6 1 3
057
2 4 6 0 7
058
6 2 8 6 2
059
5 3 7 7 6
060
0 5 5 8 0
061
5 0 6 5 4
062
9 7 6 7 2
063
6 4 4 0 5
064
0 1 4 4 7
065
3 9 0 4 5
066
2 8 1 1 1
067
1 1 6 8 8
068
6 2 0 7 7
069
7 9 8 4 1
070
3 1 8 3 2
071
1 5 4 3 0
072
4 9 0 4 7
073
2 4 3 3 6
074
6 6 8 0 0
075
0 3 8 9 8
076
8 5 8 5 2
077
3 2 3 9 0
078
1 9 9 2 6
079
6 6 6 0 5
080
9 7 4 2 4
081
9 4 9 3 9
082
8 2 0 5 8
083
7 8 1 5 4
084
9 6 6 3 2
085
4 3 5 2 7
086
7 6 9 9 9
087
1 4 7 1 9
088
9 9 6 8 2
089
3 8 6 1 1
090
8 1 7 8 2
091
9 4 8 2 9
092
5 2 5 3 5
093
1 7 4 2 6
094
4 5 0 8 0
095
1 5 2 6 8
096
8 0 8 6 1
097
4 4 0 6 6
098
8 5 9 7 4
099
7 8 0 4 3
100
6 0 7 5 1
101
9 8 0 5 0
102
8 4 1 9 0
103
8 2 7 8 1
104
1 6 4 1 7
105
4 8 2 2 3
106
7 4 1 7 4
107
2 2 6 3 5
108
3 7 3 8 0
109
6 6 7 3 3
110
9 6 1 7 2
111
9 6 7 1 1
112
6 4 9 9 6
113
0 3 8 6 1
114
9 3 2 1 5
115
2 7 5 8 5
116
8 8 1 2 3
117
8 4 8 7 5
118
1 6 0 6 6
119
7 7 8 2 5
120
4 9 4 8 6
003
3 9 0 7 5
004
3 2 4 8 9
005
6 9 8 0 6
006
3 0 8 1 1
007
3 5 3 4 4
008
4 3 7 5 7
009
7 5 2 0 7
010
3 9 9 0 0
011
3 4 5 0 8
012
2 9 7 4 0
013
4 9 7 8 9
014
8 4 5 5 3
015
9 7 4 4 5
016
4 5 0 1 2
017
0 5 2 6 1
018
1 0 2 4 3
019
0 7 2 3 7
020
3 2 0 5 7
021
0 0 6 0 9
022
1 7 1 7 0
023
7 7 6 4 2
024
8 3 3 9 8
025
5 9 9 8 8
026
1 6 8 7 9
027
8 7 9 7 0
028
9 1 5 0 9
029
8 5 9 1 6
030
9 4 5 7 3
031
0 7 9 2 0
032
8 0 7 1 2
033
0 4 5 9 7
034
2 0 9 8 1
035
7 7 7 8 9
036
3 6 3 0 2
037
2 8 1 8 6
038
1 4 0 5 8
039
2 4 5 1 2
040
1 2 3 7 2
041
1 5 2 7 8
042
2 4 3 6 7
043
1 5 5 5 2
044
2 5 5 3 2
045
0 1 2 7 6
046
3 1 1 8 8
047
1 7 6 4 9
048
9 7 0 8 7
049
1 0 1 8 5
050
7 6 3 9 2
051
8 2 4 3 9
052
7 2 0 5 4
053
5 2 1 9 1
054
2 8 9 5 1
055
7 2 4 2 6
056
5 7 6 1 3
057
2 4 6 0 7
058
6 2 8 6 2
059
5 3 7 7 6
060
0 5 5 8 0
061
5 0 6 5 4
062
9 7 6 7 2
063
6 4 4 0 5
064
0 1 4 4 7
065
3 9 0 4 5
066
2 8 1 1 1
067
1 1 6 8 8
068
6 2 0 7 7
069
7 9 8 4 1
070
3 1 8 3 2
071
1 5 4 3 0
072
4 9 0 4 7
073
2 4 3 3 6
074
6 6 8 0 0
075
0 3 8 9 8
076
8 5 8 5 2
077
3 2 3 9 0
078
1 9 9 2 6
079
6 6 6 0 5
080
9 7 4 2 4
081
9 4 9 3 9
082
8 2 0 5 8
083
7 8 1 5 4
084
9 6 6 3 2
085
4 3 5 2 7
086
7 6 9 9 9
087
1 4 7 1 9
088
9 9 6 8 2
089
3 8 6 1 1
090
8 1 7 8 2
091
9 4 8 2 9
092
5 2 5 3 5
093
1 7 4 2 6
094
4 5 0 8 0
095
1 5 2 6 8
096
8 0 8 6 1
097
4 4 0 6 6
098
8 5 9 7 4
099
7 8 0 4 3
100
6 0 7 5 1
101
9 8 0 5 0
102
8 4 1 9 0
103
8 2 7 8 1
104
1 6 4 1 7
105
4 8 2 2 3
106
7 4 1 7 4
107
2 2 6 3 5
108
3 7 3 8 0
109
6 6 7 3 3
110
9 6 1 7 2
111
9 6 7 1 1
112
6 4 9 9 6
113
0 3 8 6 1
114
9 3 2 1 5
115
2 7 5 8 5
116
8 8 1 2 3
117
8 4 8 7 5
118
1 6 0 6 6
119
7 7 8 2 5
120
4 9 4 8 6
